# Save Datetime: 22.02.2017 07:46:57
# Camera: ThermalExpert Q1
# block 1 | global constants ?
AtmA1: 0.006569
AtmA2: 0.01262
AtmB1: -0.002276
AtmB2: -0.00667
AtmX: 1.9
PlanckF: 2.5
# block 2 | camera constants
PlanckR1: 120
PlanckR2: 0.0004
PlanckB: 1612
PlanckO: -1199
# block 3 | camera parameter
Emissivity: 0.95
RefectedTemp_K: 298.15
Distance_Meter: 0
AirTemp_K: 293.15
Humidity: 0.5
# Calibration Values
4395:21#4159:
4688:33#4159:
