# Save Datetime: 15.02.2017 14:30:46
# Camera: ThermalExpert Q1
# block 1 | global constants ?
AtmA1: 0.006569
AtmA2: 0.01262
AtmB1: -0.002276
AtmB2: -0.00667
AtmX: 1.9
PlanckF: 2.5
# block 2 | camera constants
PlanckR1: 14168.402
PlanckR2: 0.02688165
PlanckB: 1651
PlanckO: -3458
# block 3 | camera parameter
Emissivity: 0.95
RefectedTemp_K: 298.15
Distance_Meter: 0
AirTemp_K: 293.15
Humidity: 0.5
# Calibration Values
6291:20.5:
6438:33.1: